4.0 3.0 4.0 0.25 0.0 1.5 1.0 0.25 13.0 2.0 
8.0 3.0 6.0 1.0 0.0 2.0 1.0 0.5 17.0 3.0 
6.0 2.0 4.0 1.0 2.0 1.0 1.0 0.25 0.0 3.0 
8.0 4.0 0.0 0.75 1.0 1.0 0.0 0.12 13.0 2.0 
4.0 0.0 2.0 0.75 0.0 1.5 4.0 0.06 15.0 2.0 
4.0 2.0 6.0 0.5 2.0 1.5 0.0 0.5 15.0 2.0 
2.0 0.0 2.0 0.5 2.0 1.0 2.0 0.06 0.0 1.0 
4.0 4.0 8.0 0.0 1.0 2.5 0.0 0.06 15.0 2.0 
0.0 0.0 2.0 0.0 1.0 1.0 1.0 0.25 11.0 2.0 
2.0 2.0 4.0 0.25 2.0 1.5 0.0 0.06 17.0 0.0 
4.0 0.0 2.0 0.25 1.0 1.0 4.0 0.25 14.0 3.0 
6.0 3.0 4.0 1.0 0.0 2.5 2.0 0.25 17.0 2.0 
6.0 0.0 0.0 2.0 0.0 2.5 2.0 0.25 11.0 4.0 
2.0 3.0 0.0 0.25 1.0 2.0 1.0 0.06 15.0 2.0 
2.0 0.0 8.0 0.5 2.0 1.0 2.0 0.12 13.0 2.0 
6.0 3.0 2.0 0.0 1.0 2.0 1.0 0.12 13.0 3.0 
6.0 2.0 4.0 2.0 0.0 1.5 0.0 0.5 0.0 2.0 
8.0 0.0 8.0 1.0 0.0 1.5 0.0 0.12 17.0 4.0 
4.0 3.0 4.0 2.0 1.0 0.0 1.0 0.5 11.0 0.0 
8.0 0.0 8.0 0.25 1.0 1.5 2.0 0.12 0.0 3.0 
